#TDISPMAT = .TRUE.
TDISP = .TRUE.
#TDISPMAT_CIF = 300
TMIN =300
TMAX = 300
TSTEP = 1
DIM = 1 1 1
MP = 1 1 1
FMIN = -1000.0
PROJECTION_DIRECTION = -0.231533 0.811756 -0.409588